﻿VERSION 2
BPM 264
PAGE_SHIFT 0.0700000002980232
PAGE_SIZE 0.909090909090909
NOTE	0	16.3446350097656	0.833333373069763	0
NOTE	1	18.1628170013428	0.3750000	0
NOTE	2	19.9809989929199	0.708333373069763	0
NOTE	3	21.7991809844971	0.2500000	0
NOTE	4	23.6173629760742	0.916666686534882	0
NOTE	5	25.4355449676514	0.3750000	0
NOTE	6	27.2537269592285	0.666666686534882	0
NOTE	7	29.0719089508057	0.16666667163372	0
NOTE	8	30.8900909423828	0.708333373069763	0.7944550
NOTE	9	32.7082710266113	0.333333343267441	0.7944550
NOTE	10	34.5264549255371	0.6250000	0.7944550
NOTE	11	36.3446350097656	0.16666667163372	0.7944550
NOTE	12	38.1628189086914	0.791666686534882	0.7944550
NOTE	13	43.6173629760742	0.208333343267441	0.7944564
NOTE	14	39.9809989929199	0.416666686534882	0.7944564
NOTE	15	41.7991828918457	0.916666686534882	0.7944564
NOTE	16	45.4345474243164	0.8750000	0
NOTE	17	45.6618156433105	0.791666686534882	0
NOTE	18	45.889087677002	0.791666686534882	0
NOTE	19	46.1163656061346	0.8750000	0
NOTE	20	47.2537269592285	0.2500000	0
NOTE	21	47.4799995422363	0.333333343267441	0
NOTE	22	47.7072715759277	0.333333343267441	0
NOTE	23	47.9345474243164	0.2500000	0
NOTE	24	49.071907043457	0.666666686534882	0
NOTE	25	49.2981796264648	0.7500000	0
NOTE	26	49.5254516601563	0.7500000	0
NOTE	27	49.7527275085449	0.666666686534882	0
NOTE	28	50.8900909423828	0.16666667163372	0
NOTE	29	51.1163635253906	0.0833333358168602	0
NOTE	30	51.343635559082	0.0833333358168602	0
NOTE	31	51.5709114074707	0.16666667163372	0
NOTE	32	52.707275390625	0.708333373069763	0
NOTE	33	52.9345481178977	0.708333373069763	0
NOTE	34	53.1618156433105	0.708333373069763	0
NOTE	35	54.5264549255371	0.8750000	0
NOTE	36	54.7527275085449	0.8750000	0
NOTE	37	54.9799995422363	0.8750000	0
NOTE	38	55.4355430603027	0.333333343267441	0
NOTE	39	55.6618156433105	0.333333343267441	0
NOTE	40	55.889087677002	0.333333343267441	0
NOTE	41	59.071907043457	0.291666686534882	0
NOTE	42	59.2981796264648	0.3750000	0
NOTE	43	59.5254516601563	0.3750000	0
NOTE	44	59.7527275085449	0.3750000	0
NOTE	45	56.3446350097656	0.916666686534882	0
NOTE	46	56.5709075927734	0.916666686534882	0
NOTE	47	56.7981796264648	0.916666686534882	0
NOTE	48	57.0254554748535	0.833333373069763	0
NOTE	49	58.1628189086914	0.0833333358168602	0
NOTE	50	58.3890914916992	0.0833333358168602	0
NOTE	51	58.6163635253906	0.0833333358168602	0
NOTE	52	58.8436393737793	0.16666667163372	0
NOTE	53	61.7981834411621	0.8750000	0
NOTE	54	63.6163673400879	0.791666686534882	0
NOTE	55	65.4345474243164	0.708333373069763	0
NOTE	56	67.2527313232422	0.6250000	0
NOTE	57	69.0709075927734	0.1250000	0
NOTE	58	70.8890914916992	0.208333343267441	0
NOTE	59	72.707275390625	0.291666686534882	0
NOTE	60	74.5254592895508	0.3750000	0
NOTE	61	76.3446350097656	0.7500000	0.6808252
NOTE	62	82.2527313232422	0.791666686534882	0
NOTE	63	82.4800033569336	0.708333373069763	0
NOTE	64	82.707275390625	0.583333373069763	0
NOTE	65	82.9345474243164	0.5000000	0
NOTE	66	83.1618194580078	0.583333373069763	0
NOTE	67	83.3890914916992	0.666666686534882	0
NOTE	68	83.6173629760742	0.291666686534882	0.6808247
NOTE	69	89.5254592895508	0.16666667163372	0
NOTE	70	89.7527313232422	0.2500000	0
NOTE	71	89.9800033569336	0.3750000	0
NOTE	72	90.207275390625	0.458333343267441	0
NOTE	73	90.4345474243164	0.3750000	0
NOTE	74	90.6618194580078	0.291666686534882	0
NOTE	75	90.8890914916992	0.791666686534882	0
NOTE	76	91.7981872558594	0.208333343267441	0
NOTE	77	92.707275390625	0.666666686534882	0
NOTE	78	93.6163635253906	0.3750000	0
NOTE	79	94.5254592895508	0.833333373069763	0
NOTE	80	95.4345474243164	0.2500000	0
NOTE	81	96.343635559082	0.708333373069763	0
NOTE	82	97.2527313232422	0.1250000	0
NOTE	83	98.1628189086914	0.3750000	0
NOTE	84	99.070915222168	0.833333373069763	0
NOTE	85	99.9810028076172	0.2500000	0
NOTE	86	100.889091491699	0.708333373069763	0
NOTE	87	101.799179077148	0.291666686534882	0
NOTE	88	102.708274841309	0.8750000	0
NOTE	89	53.6163635253906	0.208333343267441	0
NOTE	90	53.843635559082	0.208333343267441	0
NOTE	91	54.0709075927734	0.208333343267441	0
NOTE	92	57.2527275085449	0.708333373069763	0
NOTE	93	57.4799995422363	0.6250000	0
NOTE	94	57.7072715759277	0.6250000	0
NOTE	95	57.9345456903631	0.6250000	0
NOTE	96	63.1618156433105	0.291666686534882	0.3409093
NOTE	97	64.9800033569336	0.208333343267441	0.3409111
NOTE	98	66.7981872558594	0.1250000	0.3409166
NOTE	99	68.6163635253906	0.6250000	0.3409146
NOTE	100	70.434548811479	0.708333373069763	0.3409126
NOTE	101	72.2527327104048	0.791666686534882	0.3409106
NOTE	102	74.0709075927734	0.8750000	0.3409162
NOTE	103	75.8890928788619	0.3750000	0.3409142
NOTE	104	77.4800040505149	0.16666667163372	0
NOTE	105	77.9345474243164	0.2500000	0
NOTE	106	79.2981872558594	0.8750000	0
NOTE	107	79.7527313232422	0.791666686534882	0
NOTE	108	81.1163635253906	0.291666686534882	0
NOTE	109	81.5709075927734	0.3750000	0
NOTE	110	84.7527313232422	0.791666686534882	0
NOTE	111	85.207275390625	0.8750000	0
NOTE	112	86.570915222168	0.2500000	0
NOTE	113	87.0254592895508	0.16666667163372	0
NOTE	114	88.3890921852805	0.708333373069763	0
NOTE	115	88.843635559082	0.791666686534882	0
NOTE	116	104.980003356934	0.7500000	0
NOTE	117	105.093643188477	0.708333373069763	0
NOTE	118	105.207275390625	0.666666686534882	0
NOTE	119	103.617362976074	0.16666667163372	0.7944617
LINK 16 17 18 19
LINK 20 21 22 23
LINK 24 25 26 27
LINK 28 29 30 31
LINK 32 33 34
LINK 35 36 37
LINK 38 39 40
LINK 41 42 43 44
LINK 45 46 47 48
LINK 49 50 51 52
LINK 62 63
LINK 64 65 66 67
LINK 69 70
LINK 71 72 73 74
LINK 89 90 91
LINK 92 93 94 95
LINK 104 105
LINK 106 107
LINK 108 109
LINK 110 111
LINK 112 113
LINK 114 115
LINK 116 117 118
